surface_name	site_name	species_name	formation_energy	frequencies	reference
None	gas	CH4	0.0	[51.8, 65.8, 75.6, 1329.3, 1329.6, 1331.7, 1547.3, 1548.3, 2992.3, 3118.4, 3118.9, 3119.4]	This work
None	gas	CH3OH	1.27	[46.3, 223.1, 273.0, 366.1, 1028.5, 1060.2, 1152.4, 1360.9, 1463.7, 1482.5, 1497.0, 2969.0, 3014.9, 3092.2, 3762.3]	This work
None	gas	CH2O	2.53	[23.8, 47.1, 1137.6, 1242.0, 1480.1, 1771.7, 2904.5, 2914.0]	This work
None	gas	CO	2.8	[6.2, 14.3, 2157.1]	This work
None	gas	CO2	2.42	[125.2, 138.1, 650.1, 650.4, 1336.5, 2363.7]	This work
None	gas	H2	0.0	[0.3, 0.8, 4450.3]	This work
None	gas	O2	5.48	[147.4, 156.0, 1543.5]	This work
None	gas	H2O	0.0	[211.4, 250.4, 1634.7, 3753.1, 3849.2]	This work
Ag	111	O	2.16	[413.6, 381.7, 381.6]	This work
Ag	111	OH	0.58	[3718.0, 511.2, 509.3, 339.2, 248.3, 235.5]	This work
Ag	111	C	6.06	[455.9, 468.2, 469.2]	This work
Ag	111	CO	2.73	[2040.0, 306.9, 268.2, 261.1, 99.7, 68.7]	This work
Ag	111	H	0.49	[978.2, 768.0, 764.8]	This work
Ag	111	CH3	1.59	[95.8, 103.5, 226.0, 278.8, 545.5, 547.6, 1166.3, 1400.4, 1403.8, 2944.3, 3014.7, 3016.4]	This work
Ag	111	CH2	3.26	[152.0, 257.5, 305.9, 416.3, 434.8, 643.3, 1329.9, 2947.9, 3008.0]	This work
Ag	111	CH	4.47	[379.0, 380.0, 503.1, 599.3, 599.4, 3065.5]	This work
Ag	111	CH3O	1.79	[3033.3, 3028.4, 2960.6, 1472.9, 1470.1, 1446.5, 1147.3, 1146.3, 988.2, 263.0, 259.2, 255.5, 92.0, 86.1, 84.8]	This work
Ag	111	CH2O	2.22	[3047.8, 2962.5, 1443.2, 1151.8, 1108.2, 914.7, 639.8, 468.2, 329.2, 255.8, 162.9, 144.6]	This work
Ag	111	CHO	3.27	[2767.1, 1659.6, 1220.8, 664.3, 396.5, 221.4, 88.4, 73.2, 36.6]	This work
Ag	111	CH2OH	2.61	[3704.7, 3120.3, 3021.3, 1448.6, 1345.2, 1139.1, 1081.5, 986.6, 681.0, 455.9, 425.0, 179.9, 37.5]	This work
Ag	111	CHOH	3.94	[3656.8, 2964.2, 1378.6, 1198.8, 1018.8, 704.1, 400.0, 328.0, 216.2, 208.9, 152.2, 63.3]	This work
Ag	111	COH	4.88	[3595.3, 1227.6, 1107.3, 415.5, 339.9, 309.6, 169.7, 110.6, 81.7]	This work
Au	111	O	2.57	[413.6, 381.7, 381.6]	This work
Au	111	OH	1.2	[3718.0, 511.2, 509.3, 339.2, 248.3, 235.5]	This work
Au	111	C	5.05	[455.9, 468.2, 469.2]	This work
Au	111	CO	2.81	[2040.0, 306.9, 268.2, 261.1, 99.7, 68.7]	This work
Au	111	H	0.52	[978.2, 768.0, 764.8]	This work
Au	111	CH3	1.27	[95.8, 103.5, 226.0, 278.8, 545.5, 547.6, 1166.3, 1400.4, 1403.8, 2944.3, 3014.7, 3016.4]	This work
Au	111	CH2	2.73	[152.0, 257.5, 305.9, 416.3, 434.8, 643.3, 1329.9, 2947.9, 3008.0]	This work
Au	111	CH	3.59	[379.0, 380.0, 503.1, 599.3, 599.4, 3065.5]	This work
Au	111	CH3O	2.3	[3033.3, 3028.4, 2960.6, 1472.9, 1470.1, 1446.5, 1147.3, 1146.3, 988.2, 263.0, 259.2, 255.5, 92.0, 86.1, 84.8]	This work
Au	111	CH2O	2.23	[3047.8, 2962.5, 1443.2, 1151.8, 1108.2, 914.7, 639.8, 468.2, 329.2, 255.8, 162.9, 144.6]	This work
Au	111	CHO	2.88	[2767.1, 1659.6, 1220.8, 664.3, 396.5, 221.4, 88.4, 73.2, 36.6]	This work
Au	111	CH2OH	2.19	[3704.7, 3120.3, 3021.3, 1448.6, 1345.2, 1139.1, 1081.5, 986.6, 681.0, 455.9, 425.0, 179.9, 37.5]	This work
Au	111	CHOH	3.49	[3656.8, 2964.2, 1378.6, 1198.8, 1018.8, 704.1, 400.0, 328.0, 216.2, 208.9, 152.2, 63.3]	This work
Au	111	COH	4.1	[3595.3, 1227.6, 1107.3, 415.5, 339.9, 309.6, 169.7, 110.6, 81.7]	This work
Cu	111	O	1.05	[413.6, 381.7, 381.6]	This work
Cu	111	OH	0.17	[3718.0, 511.2, 509.3, 339.2, 248.3, 235.5]	This work
Cu	111	C	4.52	[455.9, 468.2, 469.2]	This work
Cu	111	CO	2.34	[2040.0, 306.9, 268.2, 261.1, 99.7, 68.7]	This work
Cu	111	H	0.07	[978.2, 768.0, 764.8]	This work
Cu	111	CH3	1.32	[95.8, 103.5, 226.0, 278.8, 545.5, 547.6, 1166.3, 1400.4, 1403.8, 2944.3, 3014.7, 3016.4]	This work
Cu	111	CH2	2.42	[152.0, 257.5, 305.9, 416.3, 434.8, 643.3, 1329.9, 2947.9, 3008.0]	This work
Cu	111	CH	3.14	[379.0, 380.0, 503.1, 599.3, 599.4, 3065.5]	This work
Cu	111	CH3O	1.36	[3033.3, 3028.4, 2960.6, 1472.9, 1470.1, 1446.5, 1147.3, 1146.3, 988.2, 263.0, 259.2, 255.5, 92.0, 86.1, 84.8]	This work
Cu	111	CH2O	2.23	[3047.8, 2962.5, 1443.2, 1151.8, 1108.2, 914.7, 639.8, 468.2, 329.2, 255.8, 162.9, 144.6]	This work
Cu	111	CHO	2.96	[2767.1, 1659.6, 1220.8, 664.3, 396.5, 221.4, 88.4, 73.2, 36.6]	This work
Cu	111	CH2OH	2.38	[3704.7, 3120.3, 3021.3, 1448.6, 1345.2, 1139.1, 1081.5, 986.6, 681.0, 455.9, 425.0, 179.9, 37.5]	This work
Cu	111	CHOH	3.3	[3656.8, 2964.2, 1378.6, 1198.8, 1018.8, 704.1, 400.0, 328.0, 216.2, 208.9, 152.2, 63.3]	This work
Cu	111	COH	3.64	[3595.3, 1227.6, 1107.3, 415.5, 339.9, 309.6, 169.7, 110.6, 81.7]	This work
Pd	111	O	1.21	[413.6, 381.7, 381.6]	This work
Pd	111	OH	0.62	[3718.0, 511.2, 509.3, 339.2, 248.3, 235.5]	This work
Pd	111	C	2.23	[455.9, 468.2, 469.2]	This work
Pd	111	CO	1.04	[2040.0, 306.9, 268.2, 261.1, 99.7, 68.7]	This work
Pd	111	H	-0.4	[978.2, 768.0, 764.8]	This work
Pd	111	CH3	0.72	[95.8, 103.5, 226.0, 278.8, 545.5, 547.6, 1166.3, 1400.4, 1403.8, 2944.3, 3014.7, 3016.4]	This work
Pd	111	CH2	1.42	[152.0, 257.5, 305.9, 416.3, 434.8, 643.3, 1329.9, 2947.9, 3008.0]	This work
Pd	111	CH	1.43	[379.0, 380.0, 503.1, 599.3, 599.4, 3065.5]	This work
Pd	111	CH3O	1.65	[3033.3, 3028.4, 2960.6, 1472.9, 1470.1, 1446.5, 1147.3, 1146.3, 988.2, 263.0, 259.2, 255.5, 92.0, 86.1, 84.8]	This work
Pd	111	CH2O	1.98	[3047.8, 2962.5, 1443.2, 1151.8, 1108.2, 914.7, 639.8, 468.2, 329.2, 255.8, 162.9, 144.6]	This work
Pd	111	CHO	1.85	[2767.1, 1659.6, 1220.8, 664.3, 396.5, 221.4, 88.4, 73.2, 36.6]	This work
Pd	111	CH2OH	1.48	[3704.7, 3120.3, 3021.3, 1448.6, 1345.2, 1139.1, 1081.5, 986.6, 681.0, 455.9, 425.0, 179.9, 37.5]	This work
Pd	111	CHOH	2.02	[3656.8, 2964.2, 1378.6, 1198.8, 1018.8, 704.1, 400.0, 328.0, 216.2, 208.9, 152.2, 63.3]	This work
Pd	111	COH	1.69	[3595.3, 1227.6, 1107.3, 415.5, 339.9, 309.6, 169.7, 110.6, 81.7]	This work
Pt	111	O	1.51	[413.6, 381.7, 381.6]	This work
Pt	111	OH	0.96	[3718.0, 511.2, 509.3, 339.2, 248.3, 235.5]	This work
Pt	111	C	2.15	[455.9, 468.2, 469.2]	This work
Pt	111	CO	1.34	[2040.0, 306.9, 268.2, 261.1, 99.7, 68.7]	This work
Pt	111	H	-0.25	[978.2, 768.0, 764.8]	This work
Pt	111	CH3	0.49	[95.8, 103.5, 226.0, 278.8, 545.5, 547.6, 1166.3, 1400.4, 1403.8, 2944.3, 3014.7, 3016.4]	This work
Pt	111	CH2	1.21	[152.0, 257.5, 305.9, 416.3, 434.8, 643.3, 1329.9, 2947.9, 3008.0]	This work
Pt	111	CH	1.15	[379.0, 380.0, 503.1, 599.3, 599.4, 3065.5]	This work
Pt	111	CH3O	2.03	[3033.3, 3028.4, 2960.6, 1472.9, 1470.1, 1446.5, 1147.3, 1146.3, 988.2, 263.0, 259.2, 255.5, 92.0, 86.1, 84.8]	This work
Pt	111	CH2O	2.18	[3047.8, 2962.5, 1443.2, 1151.8, 1108.2, 914.7, 639.8, 468.2, 329.2, 255.8, 162.9, 144.6]	This work
Pt	111	CHO	1.75	[2767.1, 1659.6, 1220.8, 664.3, 396.5, 221.4, 88.4, 73.2, 36.6]	This work
Pt	111	CH2OH	1.27	[3704.7, 3120.3, 3021.3, 1448.6, 1345.2, 1139.1, 1081.5, 986.6, 681.0, 455.9, 425.0, 179.9, 37.5]	This work
Pt	111	CHOH	1.64	[3656.8, 2964.2, 1378.6, 1198.8, 1018.8, 704.1, 400.0, 328.0, 216.2, 208.9, 152.2, 63.3]	This work
Pt	111	COH	1.58	[3595.3, 1227.6, 1107.3, 415.5, 339.9, 309.6, 169.7, 110.6, 81.7]	This work
Rh	111	O	0.6	[413.6, 381.7, 381.6]	This work
Rh	111	OH	0.27	[3718.0, 511.2, 509.3, 339.2, 248.3, 235.5]	This work
Rh	111	C	1.97	[455.9, 468.2, 469.2]	This work
Rh	111	CO	1.14	[2040.0, 306.9, 268.2, 261.1, 99.7, 68.7]	This work
Rh	111	H	-0.31	[978.2, 768.0, 764.8]	This work
Rh	111	CH3	0.7	[95.8, 103.5, 226.0, 278.8, 545.5, 547.6, 1166.3, 1400.4, 1403.8, 2944.3, 3014.7, 3016.4]	This work
Rh	111	CH2	1.23	[152.0, 257.5, 305.9, 416.3, 434.8, 643.3, 1329.9, 2947.9, 3008.0]	This work
Rh	111	CH	1.14	[379.0, 380.0, 503.1, 599.3, 599.4, 3065.5]	This work
Rh	111	CH3O	1.29	[3033.3, 3028.4, 2960.6, 1472.9, 1470.1, 1446.5, 1147.3, 1146.3, 988.2, 263.0, 259.2, 255.5, 92.0, 86.1, 84.8]	This work
Rh	111	CH2O	1.74	[3047.8, 2962.5, 1443.2, 1151.8, 1108.2, 914.7, 639.8, 468.2, 329.2, 255.8, 162.9, 144.6]	This work
Rh	111	CHO	1.72	[2767.1, 1659.6, 1220.8, 664.3, 396.5, 221.4, 88.4, 73.2, 36.6]	This work
Rh	111	CH2OH	1.44	[3704.7, 3120.3, 3021.3, 1448.6, 1345.2, 1139.1, 1081.5, 986.6, 681.0, 455.9, 425.0, 179.9, 37.5]	This work
Rh	111	CHOH	1.91	[3656.8, 2964.2, 1378.6, 1198.8, 1018.8, 704.1, 400.0, 328.0, 216.2, 208.9, 152.2, 63.3]	This work
Rh	111	COH	1.58	[3595.3, 1227.6, 1107.3, 415.5, 339.9, 309.6, 169.7, 110.6, 81.7]	This work
Ag	111	CH3O-H	2.85	[3050.3, 3045.7, 2972.9, 1471.7, 1461.5, 1433.6, 1141.2, 1122.9, 986.4, 937.3, 544.5, 236.0, 185.6, 166.9, 72.3, 39.1]	This work
Cu	111	CH3O-H	2.36	[3050.3, 3045.7, 2972.9, 1471.7, 1461.5, 1433.6, 1141.2, 1122.9, 986.4, 937.3, 544.5, 236.0, 185.6, 166.9, 72.3, 39.1]	This work
Pd	111	CH3O-H	2.26	[3050.3, 3045.7, 2972.9, 1471.7, 1461.5, 1433.6, 1141.2, 1122.9, 986.4, 937.3, 544.5, 236.0, 185.6, 166.9, 72.3, 39.1]	This work
Pt	111	CH3O-H	1.94	[3050.3, 3045.7, 2972.9, 1471.7, 1461.5, 1433.6, 1141.2, 1122.9, 986.4, 937.3, 544.5, 236.0, 185.6, 166.9, 72.3, 39.1]	This work
Rh	111	CH3O-H	1.97	[3050.3, 3045.7, 2972.9, 1471.7, 1461.5, 1433.6, 1141.2, 1122.9, 986.4, 937.3, 544.5, 236.0, 185.6, 166.9, 72.3, 39.1]	This work
Ag	111	CH3-OH	3.18	[3605.0, 3287.5, 3268.8, 3098.2, 1400.1, 1397.5, 792.9, 586.8, 529.6, 495.1, 408.0, 270.8, 224.0, 138.2, 76.5, 35.3]	This work
Cu	111	CH3-OH	2.86	[3605.0, 3287.5, 3268.8, 3098.2, 1400.1, 1397.5, 792.9, 586.8, 529.6, 495.1, 408.0, 270.8, 224.0, 138.2, 76.5, 35.3]	This work
Pd	111	CH3-OH	2.91	[3605.0, 3287.5, 3268.8, 3098.2, 1400.1, 1397.5, 792.9, 586.8, 529.6, 495.1, 408.0, 270.8, 224.0, 138.2, 76.5, 35.3]	This work
Pt	111	CH3-OH	2.94	[3605.0, 3287.5, 3268.8, 3098.2, 1400.1, 1397.5, 792.9, 586.8, 529.6, 495.1, 408.0, 270.8, 224.0, 138.2, 76.5, 35.3]	This work
Rh	111	CH3-OH	2.66	[3605.0, 3287.5, 3268.8, 3098.2, 1400.1, 1397.5, 792.9, 586.8, 529.6, 495.1, 408.0, 270.8, 224.0, 138.2, 76.5, 35.3]	This work
Ag	111	CH2-H-OH	3.31	[3674.5, 3127.7, 3016.9, 1471.5, 1361.4, 1228.0, 1133.6, 1098.4, 977.7, 742.9, 622.0, 430.0, 333.5, 204.4, 158.4, 88.3, 32.7]	This work
Cu	111	CH2-H-OH	2.7	[3674.5, 3127.7, 3016.9, 1471.5, 1361.4, 1228.0, 1133.6, 1098.4, 977.7, 742.9, 622.0, 430.0, 333.5, 204.4, 158.4, 88.3, 32.7]	This work
Pd	111	CH2-H-OH	2.03	[3674.5, 3127.7, 3016.9, 1471.5, 1361.4, 1228.0, 1133.6, 1098.4, 977.7, 742.9, 622.0, 430.0, 333.5, 204.4, 158.4, 88.3, 32.7]	This work
Pt	111	CH2-H-OH	1.96	[3674.5, 3127.7, 3016.9, 1471.5, 1361.4, 1228.0, 1133.6, 1098.4, 977.7, 742.9, 622.0, 430.0, 333.5, 204.4, 158.4, 88.3, 32.7]	This work
Rh	111	CH2-H-OH	1.83	[3674.5, 3127.7, 3016.9, 1471.5, 1361.4, 1228.0, 1133.6, 1098.4, 977.7, 742.9, 622.0, 430.0, 333.5, 204.4, 158.4, 88.3, 32.7]	This work
Ag	111	CH2-O	5.79	[3121.6, 3034.3, 1356.9, 871.7, 651.1, 515.6, 424.5, 368.7, 282.9, 231.5, 152.8]	This work
Cu	111	CH2-O	4.13	[3121.6, 3034.3, 1356.9, 871.7, 651.1, 515.6, 424.5, 368.7, 282.9, 231.5, 152.8]	This work
Pd	111	CH2-O	4.04	[3121.6, 3034.3, 1356.9, 871.7, 651.1, 515.6, 424.5, 368.7, 282.9, 231.5, 152.8]	This work
Pt	111	CH2-O	3.91	[3121.6, 3034.3, 1356.9, 871.7, 651.1, 515.6, 424.5, 368.7, 282.9, 231.5, 152.8]	This work
Rh	111	CH2-O	2.99	[3121.6, 3034.3, 1356.9, 871.7, 651.1, 515.6, 424.5, 368.7, 282.9, 231.5, 152.8]	This work
Ag	111	CH-H-O	3.84	[2887.8, 1672.8, 1198.0, 1100.2, 828.5, 631.4, 370.0, 199.7, 151.9, 75.8, 39.5]	This work
Cu	111	CH-H-O	3.17	[2887.8, 1672.8, 1198.0, 1100.2, 828.5, 631.4, 370.0, 199.7, 151.9, 75.8, 39.5]	This work
Pd	111	CH-H-O	2.48	[2887.8, 1672.8, 1198.0, 1100.2, 828.5, 631.4, 370.0, 199.7, 151.9, 75.8, 39.5]	This work
Pt	111	CH-H-O	2.48	[2887.8, 1672.8, 1198.0, 1100.2, 828.5, 631.4, 370.0, 199.7, 151.9, 75.8, 39.5]	This work
Rh	111	CH-H-O	2.2	[2887.8, 1672.8, 1198.0, 1100.2, 828.5, 631.4, 370.0, 199.7, 151.9, 75.8, 39.5]	This work
Ag	111	C-O	8.7	[506.9, 420.5, 385.3, 330.8, 219.4]	This work
Cu	111	C-O	6.42	[506.9, 420.5, 385.3, 330.8, 219.4]	This work
Pd	111	C-O	5.04	[506.9, 420.5, 385.3, 330.8, 219.4]	This work
Pt	111	C-O	5.36	[506.9, 420.5, 385.3, 330.8, 219.4]	This work
Rh	111	C-O	4.26	[506.9, 420.5, 385.3, 330.8, 219.4]	This work
Ag	111	O-O	5.85	[404.4, 368.2, 276.2, 241.8, 106.7]	This work
Cu	111	O-O	4.44	[404.4, 368.2, 276.2, 241.8, 106.7]	This work
Pd	111	O-O	4.83	[404.4, 368.2, 276.2, 241.8, 106.7]	This work
Pt	111	O-O	5.15	[404.4, 368.2, 276.2, 241.8, 106.7]	This work
Rh	111	O-O	3.7	[404.4, 368.2, 276.2, 241.8, 106.7]	This work
Ag	111	HO-H	1.74	[3645.5, 924.0, 802.5, 556.2, 404.4, 310.2, 151.2, 78.4]	This work
Cu	111	HO-H	1.29	[3645.5, 924.0, 802.5, 556.2, 404.4, 310.2, 151.2, 78.4]	This work
Pd	111	HO-H	0.98	[3645.5, 924.0, 802.5, 556.2, 404.4, 310.2, 151.2, 78.4]	This work
Pt	111	HO-H	0.86	[3645.5, 924.0, 802.5, 556.2, 404.4, 310.2, 151.2, 78.4]	This work
Rh	111	HO-H	0.75	[3645.5, 924.0, 802.5, 556.2, 404.4, 310.2, 151.2, 78.4]	This work
Ag	111	HO-H--O	1.78	[3742.8, 1435.6, 1237.6, 720.5, 662.9, 399.6, 386.3, 334.2, 280.0, 174.1, 89.3]	This work
Cu	111	HO-H--O	0.9	[3742.8, 1435.6, 1237.6, 720.5, 662.9, 399.6, 386.3, 334.2, 280.0, 174.1, 89.3]	This work
Pd	111	HO-H--O	1.38	[3742.8, 1435.6, 1237.6, 720.5, 662.9, 399.6, 386.3, 334.2, 280.0, 174.1, 89.3]	This work
Pt	111	HO-H--O	1.65	[3742.8, 1435.6, 1237.6, 720.5, 662.9, 399.6, 386.3, 334.2, 280.0, 174.1, 89.3]	This work
Rh	111	HO-H--O	0.62	[3742.8, 1435.6, 1237.6, 720.5, 662.9, 399.6, 386.3, 334.2, 280.0, 174.1, 89.3]	This work
Ag	111	O-H	3.27	[822.2, 438.8, 407.2, 309.1, 245.7]	This work
Cu	111	O-H	2.07	[822.2, 438.8, 407.2, 309.1, 245.7]	This work
Pd	111	O-H	1.88	[822.2, 438.8, 407.2, 309.1, 245.7]	This work
Pt	111	O-H	2.16	[822.2, 438.8, 407.2, 309.1, 245.7]	This work
Rh	111	O-H	1.55	[822.2, 438.8, 407.2, 309.1, 245.7]	This work
Ag	111	H-H	1.07	[1224.9, 1016.8, 814.3, 376.5, 311.2]	This work
Cu	111	H-H	0.78	[1224.9, 1016.8, 814.3, 376.5, 311.2]	This work
Pd	111	H-H	0.08	[1224.9, 1016.8, 814.3, 376.5, 311.2]	This work
Pt	111	H-H	0.09	[1224.9, 1016.8, 814.3, 376.5, 311.2]	This work
Rh	111	H-H	0.18	[1224.9, 1016.8, 814.3, 376.5, 311.2]	This work
Ag	111	CH3-H	2.55	[3154.7, 3136.2, 3028.3, 1426.8, 1421.0, 1358.3, 1104.9, 759.3, 717.9, 368.1, 315.1, 125.1, 86.6, 69.4]	This work
Cu	111	CH3-H	1.88	[3154.7, 3136.2, 3028.3, 1426.8, 1421.0, 1358.3, 1104.9, 759.3, 717.9, 368.1, 315.1, 125.1, 86.6, 69.4]	This work
Pd	111	CH3-H	0.95	[3154.7, 3136.2, 3028.3, 1426.8, 1421.0, 1358.3, 1104.9, 759.3, 717.9, 368.1, 315.1, 125.1, 86.6, 69.4]	This work
Pt	111	CH3-H	0.99	[3154.7, 3136.2, 3028.3, 1426.8, 1421.0, 1358.3, 1104.9, 759.3, 717.9, 368.1, 315.1, 125.1, 86.6, 69.4]	This work
Rh	111	CH3-H	0.88	[3154.7, 3136.2, 3028.3, 1426.8, 1421.0, 1358.3, 1104.9, 759.3, 717.9, 368.1, 315.1, 125.1, 86.6, 69.4]	This work
Ag	111	CH3-H--O	3.2	[3095.1, 3057.4, 2993.9, 1471.6, 1424.2, 1407.7, 1164.4, 1152.8, 616.7, 574.0, 524.8, 368.0, 349.9, 217.3, 92.1, 49.0, 41.2]	This work
Cu	111	CH3-H--O	2.5	[3095.1, 3057.4, 2993.9, 1471.6, 1424.2, 1407.7, 1164.4, 1152.8, 616.7, 574.0, 524.8, 368.0, 349.9, 217.3, 92.1, 49.0, 41.2]	This work
Pd	111	CH3-H--O	2.71	[3095.1, 3057.4, 2993.9, 1471.6, 1424.2, 1407.7, 1164.4, 1152.8, 616.7, 574.0, 524.8, 368.0, 349.9, 217.3, 92.1, 49.0, 41.2]	This work
Pt	111	CH3-H--O	2.92	[3095.1, 3057.4, 2993.9, 1471.6, 1424.2, 1407.7, 1164.4, 1152.8, 616.7, 574.0, 524.8, 368.0, 349.9, 217.3, 92.1, 49.0, 41.2]	This work
Rh	111	CH3-H--O	2.04	[3095.1, 3057.4, 2993.9, 1471.6, 1424.2, 1407.7, 1164.4, 1152.8, 616.7, 574.0, 524.8, 368.0, 349.9, 217.3, 92.1, 49.0, 41.2]	This work
Ag	111	CH3-H--OH	1.97	[3709.6, 3068.0, 3018.0, 2961.4, 1540.9, 1432.2, 1425.2, 1236.1, 1152.6, 748.1, 650.8, 546.9, 481.9, 380.0, 318.7, 247.6, 120.7, 90.3, 80.4, 14.2]	This work
Cu	111	CH3-H--OH	1.8	[3709.6, 3068.0, 3018.0, 2961.4, 1540.9, 1432.2, 1425.2, 1236.1, 1152.6, 748.1, 650.8, 546.9, 481.9, 380.0, 318.7, 247.6, 120.7, 90.3, 80.4, 14.2]	This work
Pd	111	CH3-H--OH	1.78	[3709.6, 3068.0, 3018.0, 2961.4, 1540.9, 1432.2, 1425.2, 1236.1, 1152.6, 748.1, 650.8, 546.9, 481.9, 380.0, 318.7, 247.6, 120.7, 90.3, 80.4, 14.2]	This work
Pt	111	CH3-H--OH	1.84	[3709.6, 3068.0, 3018.0, 2961.4, 1540.9, 1432.2, 1425.2, 1236.1, 1152.6, 748.1, 650.8, 546.9, 481.9, 380.0, 318.7, 247.6, 120.7, 90.3, 80.4, 14.2]	This work
Rh	111	CH3-H--OH	1.53	[3709.6, 3068.0, 3018.0, 2961.4, 1540.9, 1432.2, 1425.2, 1236.1, 1152.6, 748.1, 650.8, 546.9, 481.9, 380.0, 318.7, 247.6, 120.7, 90.3, 80.4, 14.2]	This work
Ag	111	CH2-H	4.0	[3080.5, 3007.1, 1406.2, 1361.2, 822.3, 622.7, 534.5, 442.3, 340.2, 222.8, 77.0]	This work
Cu	111	CH2-H	2.89	[3080.5, 3007.1, 1406.2, 1361.2, 822.3, 622.7, 534.5, 442.3, 340.2, 222.8, 77.0]	This work
Pd	111	CH2-H	1.8	[3080.5, 3007.1, 1406.2, 1361.2, 822.3, 622.7, 534.5, 442.3, 340.2, 222.8, 77.0]	This work
Pt	111	CH2-H	1.47	[3080.5, 3007.1, 1406.2, 1361.2, 822.3, 622.7, 534.5, 442.3, 340.2, 222.8, 77.0]	This work
Rh	111	CH2-H	1.3	[3080.5, 3007.1, 1406.2, 1361.2, 822.3, 622.7, 534.5, 442.3, 340.2, 222.8, 77.0]	This work
Ag	111	CH2-H--O	4.73	[3024.8, 2903.5, 1348.0, 1288.4, 1264.7, 713.2, 564.1, 541.4, 441.4, 372.2, 357.7, 295.9, 171.3, 128.7]	This work
Cu	111	CH2-H--O	3.55	[3024.8, 2903.5, 1348.0, 1288.4, 1264.7, 713.2, 564.1, 541.4, 441.4, 372.2, 357.7, 295.9, 171.3, 128.7]	This work
Pd	111	CH2-H--O	3.58	[3024.8, 2903.5, 1348.0, 1288.4, 1264.7, 713.2, 564.1, 541.4, 441.4, 372.2, 357.7, 295.9, 171.3, 128.7]	This work
Pt	111	CH2-H--O	3.59	[3024.8, 2903.5, 1348.0, 1288.4, 1264.7, 713.2, 564.1, 541.4, 441.4, 372.2, 357.7, 295.9, 171.3, 128.7]	This work
Rh	111	CH2-H--O	2.76	[3024.8, 2903.5, 1348.0, 1288.4, 1264.7, 713.2, 564.1, 541.4, 441.4, 372.2, 357.7, 295.9, 171.3, 128.7]	This work
Ag	111	CH2-H--OH	3.34	[3669.7, 3012.4, 2888.3, 1492.9, 1339.3, 1174.5, 756.7, 639.2, 591.3, 530.3, 438.2, 391.5, 346.5, 250.6, 169.0, 128.0, 104.2]	This work
Cu	111	CH2-H--OH	2.61	[3669.7, 3012.4, 2888.3, 1492.9, 1339.3, 1174.5, 756.7, 639.2, 591.3, 530.3, 438.2, 391.5, 346.5, 250.6, 169.0, 128.0, 104.2]	This work
Pd	111	CH2-H--OH	2.53	[3669.7, 3012.4, 2888.3, 1492.9, 1339.3, 1174.5, 756.7, 639.2, 591.3, 530.3, 438.2, 391.5, 346.5, 250.6, 169.0, 128.0, 104.2]	This work
Pt	111	CH2-H--OH	2.35	[3669.7, 3012.4, 2888.3, 1492.9, 1339.3, 1174.5, 756.7, 639.2, 591.3, 530.3, 438.2, 391.5, 346.5, 250.6, 169.0, 128.0, 104.2]	This work
Rh	111	CH2-H--OH	2.05	[3669.7, 3012.4, 2888.3, 1492.9, 1339.3, 1174.5, 756.7, 639.2, 591.3, 530.3, 438.2, 391.5, 346.5, 250.6, 169.0, 128.0, 104.2]	This work
Ag	111	CH-H	5.24	[3040.9, 1933.3, 1040.9, 766.5, 569.7, 500.1, 407.8, 402.9]	This work
Cu	111	CH-H	3.58	[3040.9, 1933.3, 1040.9, 766.5, 569.7, 500.1, 407.8, 402.9]	This work
Pd	111	CH-H	1.86	[3040.9, 1933.3, 1040.9, 766.5, 569.7, 500.1, 407.8, 402.9]	This work
Pt	111	CH-H	1.6	[3040.9, 1933.3, 1040.9, 766.5, 569.7, 500.1, 407.8, 402.9]	This work
Rh	111	CH-H	1.36	[3040.9, 1933.3, 1040.9, 766.5, 569.7, 500.1, 407.8, 402.9]	This work
Ag	111	CH-H--O	6.18	[3027.6, 1297.7, 1023.2, 632.7, 611.7, 494.7, 455.6, 392.7, 334.3, 323.6, 193.7]	This work
Cu	111	CH-H--O	4.42	[3027.6, 1297.7, 1023.2, 632.7, 611.7, 494.7, 455.6, 392.7, 334.3, 323.6, 193.7]	This work
Pd	111	CH-H--O	3.92	[3027.6, 1297.7, 1023.2, 632.7, 611.7, 494.7, 455.6, 392.7, 334.3, 323.6, 193.7]	This work
Pt	111	CH-H--O	4.18	[3027.6, 1297.7, 1023.2, 632.7, 611.7, 494.7, 455.6, 392.7, 334.3, 323.6, 193.7]	This work
Rh	111	CH-H--O	2.96	[3027.6, 1297.7, 1023.2, 632.7, 611.7, 494.7, 455.6, 392.7, 334.3, 323.6, 193.7]	This work
Ag	111	CH-H--OH	4.69	[3706.3, 3007.5, 1394.4, 1024.0, 689.1, 637.2, 578.4, 565.0, 458.1, 357.0, 325.4, 317.0, 211.0, 58.4]	This work
Cu	111	CH-H--OH	3.41	[3706.3, 3007.5, 1394.4, 1024.0, 689.1, 637.2, 578.4, 565.0, 458.1, 357.0, 325.4, 317.0, 211.0, 58.4]	This work
Pd	111	CH-H--OH	2.73	[3706.3, 3007.5, 1394.4, 1024.0, 689.1, 637.2, 578.4, 565.0, 458.1, 357.0, 325.4, 317.0, 211.0, 58.4]	This work
Pt	111	CH-H--OH	2.72	[3706.3, 3007.5, 1394.4, 1024.0, 689.1, 637.2, 578.4, 565.0, 458.1, 357.0, 325.4, 317.0, 211.0, 58.4]	This work
Rh	111	CH-H--OH	2.05	[3706.3, 3007.5, 1394.4, 1024.0, 689.1, 637.2, 578.4, 565.0, 458.1, 357.0, 325.4, 317.0, 211.0, 58.4]	This work
Ag	111	C-H	6.95	[1238.2, 658.6, 495.8, 434.6, 346.4]	This work
Cu	111	C-H	5.06	[1238.2, 658.6, 495.8, 434.6, 346.4]	This work
Pd	111	C-H	2.84	[1238.2, 658.6, 495.8, 434.6, 346.4]	This work
Pt	111	C-H	2.58	[1238.2, 658.6, 495.8, 434.6, 346.4]	This work
Rh	111	C-H	2.42	[1238.2, 658.6, 495.8, 434.6, 346.4]	This work
Ag	111	C-H--O	7.82	[1314.1, 944.6, 512.4, 434.9, 416.8, 365.1, 275.1, 205.9]	This work
Cu	111	C-H--O	5.75	[1314.1, 944.6, 512.4, 434.9, 416.8, 365.1, 275.1, 205.9]	This work
Pd	111	C-H--O	4.47	[1314.1, 944.6, 512.4, 434.9, 416.8, 365.1, 275.1, 205.9]	This work
Pt	111	C-H--O	4.57	[1314.1, 944.6, 512.4, 434.9, 416.8, 365.1, 275.1, 205.9]	This work
Rh	111	C-H--O	3.53	[1314.1, 944.6, 512.4, 434.9, 416.8, 365.1, 275.1, 205.9]	This work
Ag	111	C-H--OH	6.29	[3705.1, 1298.0, 1012.1, 688.3, 613.0, 435.1, 420.5, 358.6, 310.2, 215.0, 12.2]	This work
Cu	111	C-H--OH	4.72	[3705.1, 1298.0, 1012.1, 688.3, 613.0, 435.1, 420.5, 358.6, 310.2, 215.0, 12.2]	This work
Pd	111	C-H--OH	2.95	[3705.1, 1298.0, 1012.1, 688.3, 613.0, 435.1, 420.5, 358.6, 310.2, 215.0, 12.2]	This work
Pt	111	C-H--OH	3.02	[3705.1, 1298.0, 1012.1, 688.3, 613.0, 435.1, 420.5, 358.6, 310.2, 215.0, 12.2]	This work
Rh	111	C-H--OH	2.45	[3705.1, 1298.0, 1012.1, 688.3, 613.0, 435.1, 420.5, 358.6, 310.2, 215.0, 12.2]	This work
Ag	111	CH3-O	4.32	[3244.9, 3181.7, 3038.3, 1414.3, 1401.6, 1069.5, 757.1, 664.9, 366.3, 303.9, 253.0, 204.6, 104.5, 76.7]	This work
Cu	111	CH3-O	3.26	[3244.9, 3181.7, 3038.3, 1414.3, 1401.6, 1069.5, 757.1, 664.9, 366.3, 303.9, 253.0, 204.6, 104.5, 76.7]	This work
Pd	111	CH3-O	3.49	[3244.9, 3181.7, 3038.3, 1414.3, 1401.6, 1069.5, 757.1, 664.9, 366.3, 303.9, 253.0, 204.6, 104.5, 76.7]	This work
Pt	111	CH3-O	3.86	[3244.9, 3181.7, 3038.3, 1414.3, 1401.6, 1069.5, 757.1, 664.9, 366.3, 303.9, 253.0, 204.6, 104.5, 76.7]	This work
Rh	111	CH3-O	2.92	[3244.9, 3181.7, 3038.3, 1414.3, 1401.6, 1069.5, 757.1, 664.9, 366.3, 303.9, 253.0, 204.6, 104.5, 76.7]	This work
Ag	111	CH2-H-O	2.98	[2910.6, 2861.6, 1605.7, 1454.8, 1258.9, 1196.2, 816.9, 665.0, 440.3, 372.1, 237.8, 102.1, 74.4, 48.7]	This work
Cu	111	CH2-H-O	2.65	[2910.6, 2861.6, 1605.7, 1454.8, 1258.9, 1196.2, 816.9, 665.0, 440.3, 372.1, 237.8, 102.1, 74.4, 48.7]	This work
Pd	111	CH2-H-O	2.47	[2910.6, 2861.6, 1605.7, 1454.8, 1258.9, 1196.2, 816.9, 665.0, 440.3, 372.1, 237.8, 102.1, 74.4, 48.7]	This work
Pt	111	CH2-H-O	2.79	[2910.6, 2861.6, 1605.7, 1454.8, 1258.9, 1196.2, 816.9, 665.0, 440.3, 372.1, 237.8, 102.1, 74.4, 48.7]	This work
Rh	111	CH2-H-O	2.06	[2910.6, 2861.6, 1605.7, 1454.8, 1258.9, 1196.2, 816.9, 665.0, 440.3, 372.1, 237.8, 102.1, 74.4, 48.7]	This work
Ag	111	CH2-OH	4.39	[3641.0, 3125.9, 3042.3, 1359.6, 896.0, 732.5, 680.5, 562.7, 478.6, 384.4, 321.2, 164.3, 94.5, 73.1]	This work
Cu	111	CH2-OH	3.52	[3641.0, 3125.9, 3042.3, 1359.6, 896.0, 732.5, 680.5, 562.7, 478.6, 384.4, 321.2, 164.3, 94.5, 73.1]	This work
Pd	111	CH2-OH	2.9	[3641.0, 3125.9, 3042.3, 1359.6, 896.0, 732.5, 680.5, 562.7, 478.6, 384.4, 321.2, 164.3, 94.5, 73.1]	This work
Pt	111	CH2-OH	2.84	[3641.0, 3125.9, 3042.3, 1359.6, 896.0, 732.5, 680.5, 562.7, 478.6, 384.4, 321.2, 164.3, 94.5, 73.1]	This work
Rh	111	CH2-OH	2.44	[3641.0, 3125.9, 3042.3, 1359.6, 896.0, 732.5, 680.5, 562.7, 478.6, 384.4, 321.2, 164.3, 94.5, 73.1]	This work
Ag	111	CH2O-H	3.57	[3060.1, 2962.9, 1572.8, 1416.6, 1199.1, 978.9, 671.7, 379.4, 262.5, 213.8, 91.2, 65.2, 61.8, 30.9]	This work
Cu	111	CH2O-H	3.18	[3060.1, 2962.9, 1572.8, 1416.6, 1199.1, 978.9, 671.7, 379.4, 262.5, 213.8, 91.2, 65.2, 61.8, 30.9]	This work
Pd	111	CH2O-H	2.42	[3060.1, 2962.9, 1572.8, 1416.6, 1199.1, 978.9, 671.7, 379.4, 262.5, 213.8, 91.2, 65.2, 61.8, 30.9]	This work
Pt	111	CH2O-H	2.19	[3060.1, 2962.9, 1572.8, 1416.6, 1199.1, 978.9, 671.7, 379.4, 262.5, 213.8, 91.2, 65.2, 61.8, 30.9]	This work
Rh	111	CH2O-H	2.2	[3060.1, 2962.9, 1572.8, 1416.6, 1199.1, 978.9, 671.7, 379.4, 262.5, 213.8, 91.2, 65.2, 61.8, 30.9]	This work
Ag	111	CH-H-OH	4.39	[3641.9, 2992.6, 1377.8, 1353.4, 1202.0, 1013.0, 865.9, 562.5, 412.9, 334.3, 239.8, 162.5, 86.6, 62.9]	This work
Cu	111	CH-H-OH	3.47	[3641.9, 2992.6, 1377.8, 1353.4, 1202.0, 1013.0, 865.9, 562.5, 412.9, 334.3, 239.8, 162.5, 86.6, 62.9]	This work
Pd	111	CH-H-OH	2.84	[3641.9, 2992.6, 1377.8, 1353.4, 1202.0, 1013.0, 865.9, 562.5, 412.9, 334.3, 239.8, 162.5, 86.6, 62.9]	This work
Pt	111	CH-H-OH	2.65	[3641.9, 2992.6, 1377.8, 1353.4, 1202.0, 1013.0, 865.9, 562.5, 412.9, 334.3, 239.8, 162.5, 86.6, 62.9]	This work
Rh	111	CH-H-OH	2.08	[3641.9, 2992.6, 1377.8, 1353.4, 1202.0, 1013.0, 865.9, 562.5, 412.9, 334.3, 239.8, 162.5, 86.6, 62.9]	This work
Ag	111	CH-OH	5.65	[3636.7, 3097.8, 904.1, 727.9, 609.3, 467.3, 367.9, 347.1, 256.7, 171.2, 119.7]	This work
Cu	111	CH-OH	4.27	[3636.7, 3097.8, 904.1, 727.9, 609.3, 467.3, 367.9, 347.1, 256.7, 171.2, 119.7]	This work
Pd	111	CH-OH	3.06	[3636.7, 3097.8, 904.1, 727.9, 609.3, 467.3, 367.9, 347.1, 256.7, 171.2, 119.7]	This work
Pt	111	CH-OH	2.93	[3636.7, 3097.8, 904.1, 727.9, 609.3, 467.3, 367.9, 347.1, 256.7, 171.2, 119.7]	This work
Rh	111	CH-OH	2.46	[3636.7, 3097.8, 904.1, 727.9, 609.3, 467.3, 367.9, 347.1, 256.7, 171.2, 119.7]	This work
Ag	111	CHO-H	4.34	[2932.0, 1426.8, 1280.5, 1067.2, 859.8, 606.8, 443.5, 306.4, 179.6, 107.0, 103.1]	This work
Cu	111	CHO-H	3.66	[2932.0, 1426.8, 1280.5, 1067.2, 859.8, 606.8, 443.5, 306.4, 179.6, 107.0, 103.1]	This work
Pd	111	CHO-H	2.77	[2932.0, 1426.8, 1280.5, 1067.2, 859.8, 606.8, 443.5, 306.4, 179.6, 107.0, 103.1]	This work
Pt	111	CHO-H	2.6	[2932.0, 1426.8, 1280.5, 1067.2, 859.8, 606.8, 443.5, 306.4, 179.6, 107.0, 103.1]	This work
Rh	111	CHO-H	2.52	[2932.0, 1426.8, 1280.5, 1067.2, 859.8, 606.8, 443.5, 306.4, 179.6, 107.0, 103.1]	This work
Ag	111	C-H-OH	5.54	[3668.5, 1664.9, 1214.9, 1048.7, 633.0, 489.2, 299.9, 282.1, 161.9, 141.5, 179.1]	This work
Cu	111	C-H-OH	3.82	[3668.5, 1664.9, 1214.9, 1048.7, 633.0, 489.2, 299.9, 282.1, 161.9, 141.5, 179.1]	This work
Pd	111	C-H-OH	2.67	[3668.5, 1664.9, 1214.9, 1048.7, 633.0, 489.2, 299.9, 282.1, 161.9, 141.5, 179.1]	This work
Pt	111	C-H-OH	2.72	[3668.5, 1664.9, 1214.9, 1048.7, 633.0, 489.2, 299.9, 282.1, 161.9, 141.5, 179.1]	This work
Rh	111	C-H-OH	2.17	[3668.5, 1664.9, 1214.9, 1048.7, 633.0, 489.2, 299.9, 282.1, 161.9, 141.5, 179.1]	This work
Ag	111	CH-O	7.01	[3116.8, 874.8, 638.1, 475.2, 432.3, 391.2, 332.3, 172.6]	This work
Cu	111	CH-O	4.92	[3116.8, 874.8, 638.1, 475.2, 432.3, 391.2, 332.3, 172.6]	This work
Pd	111	CH-O	4.07	[3116.8, 874.8, 638.1, 475.2, 432.3, 391.2, 332.3, 172.6]	This work
Pt	111	CH-O	4.21	[3116.8, 874.8, 638.1, 475.2, 432.3, 391.2, 332.3, 172.6]	This work
Rh	111	CH-O	3.29	[3116.8, 874.8, 638.1, 475.2, 432.3, 391.2, 332.3, 172.6]	This work
Ag	111	H-CO	3.72	[1739.3, 1200.4, 647.5, 305.1, 213.4, 189.8, 125.6, 80.3]	This work
Cu	111	H-CO	3.11	[1739.3, 1200.4, 647.5, 305.1, 213.4, 189.8, 125.6, 80.3]	This work
Pd	111	H-CO	2.25	[1739.3, 1200.4, 647.5, 305.1, 213.4, 189.8, 125.6, 80.3]	This work
Pt	111	H-CO	2.39	[1739.3, 1200.4, 647.5, 305.1, 213.4, 189.8, 125.6, 80.3]	This work
Rh	111	H-CO	2.15	[1739.3, 1200.4, 647.5, 305.1, 213.4, 189.8, 125.6, 80.3]	This work
Ag	111	C-OH	7.31	[3634.2, 657.7, 500.8, 385.6, 378.9, 304.6, 242.4, 95.9]	This work
Cu	111	C-OH	5.64	[3634.2, 657.7, 500.8, 385.6, 378.9, 304.6, 242.4, 95.9]	This work
Pd	111	C-OH	3.82	[3634.2, 657.7, 500.8, 385.6, 378.9, 304.6, 242.4, 95.9]	This work
Pt	111	C-OH	3.76	[3634.2, 657.7, 500.8, 385.6, 378.9, 304.6, 242.4, 95.9]	This work
Rh	111	C-OH	3.27	[3634.2, 657.7, 500.8, 385.6, 378.9, 304.6, 242.4, 95.9]	This work
Ag	111	CO-H	5.5	[1695.8, 757.8, 325.1, 278.1, 277.1, 113.9, 72.7, 400.2]	This work
Cu	111	CO-H	4.39	[1695.8, 757.8, 325.1, 278.1, 277.1, 113.9, 72.7, 400.2]	This work
Pd	111	CO-H	2.8	[1695.8, 757.8, 325.1, 278.1, 277.1, 113.9, 72.7, 400.2]	This work
Pt	111	CO-H	2.73	[1695.8, 757.8, 325.1, 278.1, 277.1, 113.9, 72.7, 400.2]	This work
Rh	111	CO-H	2.64	[1695.8, 757.8, 325.1, 278.1, 277.1, 113.9, 72.7, 400.2]	This work
Ag	111	CO-O	4.87	[1978.7, 510.5, 378.6, 334.0, 306.1, 230.1, 87.4, 49.3]	This work
Cu	111	CO-O	3.86	[1978.7, 510.5, 378.6, 334.0, 306.1, 230.1, 87.4, 49.3]	This work
Pd	111	CO-O	3.74	[1978.7, 510.5, 378.6, 334.0, 306.1, 230.1, 87.4, 49.3]	This work
Pt	111	CO-O	3.87	[1978.7, 510.5, 378.6, 334.0, 306.1, 230.1, 87.4, 49.3]	This work
Rh	111	CO-O	2.96	[1978.7, 510.5, 378.6, 334.0, 306.1, 230.1, 87.4, 49.3]	This work

